[Content of WC2026_Top12_Squads.csv]